1
The Snowman
30
10
10
True
--Walls--
4
Arc
(0.5,0.7),0.45,(270,250),False,True,1,True,-1
Arc
(0.5,0.7),0.45,(250,270),True,True,1,True,-1
Arc
(0.5,0.22),0.34,(58,42),False,True,1,True,-1
Arc
(0.5,0.22),0.34,(42,58),True,True,1,True,-1
--Balls--
10
10
Single
1
(0.850000023841858,0.600000023841858),(0,-0.002),0.02,(0,0),(255,0,0),(0.12,0.37,0.023,0.012),Normal,False,True
Single
1
(0.850000023841858,0.639999985694885),(0,-0.002),0.02,(0,0),(255,0,0),(0.12,0.37,0.023,0.012),Normal,False,True
Single
1
(0.850000023841858,0.680000007152557),(0,-0.002),0.02,(0,0),(255,0,0),(0.12,0.37,0.023,0.012),Normal,False,True
Single
1
(0.850000023841858,0.720000028610229),(0,-0.002),0.02,(0,0),(255,0,0),(0.12,0.37,0.023,0.012),Normal,False,True
Single
1
(0.850000023841858,0.759999990463257),(0,-0.002),0.02,(0,0),(255,0,0),(0.12,0.37,0.023,0.012),Normal,False,True
Single
1
(0.850000023841858,0.800000011920929),(0,-0.002),0.02,(0,0),(255,0,0),(0.12,0.37,0.023,0.012),Normal,False,True
Single
1
(0.400002509355545,0.219999998807907),(0,-0.002),0.02,(0,0),(0,0,255),(0.83,0.48,0.023,0.012),Normal,False,True
Single
1
(0.400002509355545,0.300000011920929),(0,-0.002),0.02,(0,0),(0,0,255),(0.83,0.48,0.023,0.012),Normal,False,True
Single
1
(0.400002509355545,0.379999995231628),(0,-0.002),0.02,(0,0),(0,0,255),(0.83,0.48,0.023,0.012),Normal,False,True
Single
1
(0.400002509355545,0.140000000596046),(0,-0.002),0.02,(0,0),(0,0,255),(0.83,0.48,0.023,0.012),Normal,False,True
