1
The Minefield
30
8
2
True
--Walls--
15
Arc
(0.3,0.1),0.14,(40,140),True,True,1,True,10
Horizontal
(0.4072462,0.95,0.05092283),(True,True),False,True,1,True,-1
Horizontal
(0.4072462,0.95,0.1490772),(True,True),False,True,1,True,-1
Horizontal
(0.4358414,0.7,0.08152914),(True,True),False,True,1,True,-1
Horizontal
(0.4358414,0.7,0.1184709),(True,True),False,True,1,True,-1
Arc
(0.3,0.1),0.14,(346,14),False,True,1,True,-1
Arc
(0.3,0.1),0.14,(220,320),False,True,1,True,-1
Vertical
(0.08152914,0.1184709,0.7),(True,True),False,True,1,True,-1
Vertical
(0.05092283,0.1490772,0.95),(False,True),False,True,1,True,-1
Horizontal
(0,0.1927538,0.05092283),(False,True),False,True,1,True,-1
Horizontal
(0,0.1927538,0.1490772),(False,True),True,True,1,True,-1
Vertical
(0.1184709,0.1490772,0.65),(True,True),True,True,1,True,14
Vertical
(0.05092283,0.08152914,0.65),(True,True),True,True,1,True,13
Arc
(0.3,0.1),0.14,(320,346),True,True,1,True,-1
Arc
(0.3,0.1),0.14,(14,40),True,True,1,True,-1
--Balls--
58
58
Single
1
(0.150000005960464,0.800000011920929),(0,0),0.05,(0,0),(128,0,0),(0,0.99,0.01,0.01),Fragile,False,False
Single
1
(0.180000007152557,0.740000009536743),(0,0),0.05,(0,0),(128,0,0),(0,0.99,0.01,0.01),Fragile,False,False
Single
1
(0.20000071823597,0.675999999046326),(0,0),0.05,(0,0),(128,0,0),(0,0.99,0.01,0.01),Fragile,False,False
Single
1
(0.330000102519989,0.675999999046326),(0,0),0.05,(0,0),(128,0,0),(0,0.99,0.01,0.01),Fragile,False,False
Single
1
(0.354000091552734,0.610000014305115),(0,0),0.05,(0,0),(128,0,0),(0,0.99,0.01,0.01),Fragile,False,False
Single
1
(0.300000011920929,0.547999978065491),(0,0),0.05,(0,0),(128,0,0),(0,0.99,0.01,0.01),Fragile,False,False
Single
1
(0.25,0.485000014305115),(0,0),0.05,(0,0),(128,0,0),(0,0.99,0.01,0.01),Fragile,False,False
Single
1
(0.360000014305115,0.449999988079071),(0,0),0.05,(0,0),(128,0,0),(0,0.99,0.01,0.01),Fragile,False,False
Single
1
(0.479999989271164,0.435000002384186),(0,0),0.05,(0,0),(128,0,0),(0,0.99,0.01,0.01),Fragile,False,False
Single
1
(0.600000023841858,0.435000002384186),(0,0),0.05,(0,0),(128,0,0),(0,0.99,0.01,0.01),Fragile,False,False
Single
1
(0.649999976158142,0.377000004053116),(0,0),0.05,(0,0),(128,0,0),(0,0.99,0.01,0.01),Fragile,False,False
Single
1
(0.670000016689301,0.314000010490417),(0,0),0.05,(0,0),(128,0,0),(0,0.99,0.01,0.01),Fragile,False,False
Single
1
(0.589999973773956,0.264999985694885),(0,0),0.05,(0,0),(128,0,0),(0,0.99,0.01,0.01),Fragile,False,False
Single
1
(0.449999988079071,0.259999990463257),(0,0),0.05,(0,0),(128,0,0),(0,0.99,0.01,0.01),Fragile,False,False
Single
1
(0.319999992847443,0.25),(0,0),0.05,(0,0),(128,0,0),(0,0.99,0.01,0.01),Fragile,False,False
Single
1
(0.200000002980232,0.239999994635582),(0,0),0.05,(0,0),(128,0,0),(0,0.99,0.01,0.01),Fragile,False,False
Single
1
(0.159999996423721,0.18000003695488),(0,0),0.05,(0,0),(128,0,0),(0,0.99,0.01,0.01),Fragile,False,False
Single
1
(0.300000011920929,0.100000001490116),(0,0),0.13,(0,0),(128,0,0),(0,0.99,0.01,0.01),Fragile,False,False
Single
1
(0.180000007152557,0.864000022411346),(0,0),0.05,(0,0),(255,128,0),(0,0.99,0.01,0.01),TouchSensitive,False,False
Single
1
(0.32000008225441,0.864000022411346),(0,0),0.05,(0,0),(255,128,0),(0,0.99,0.01,0.01),TouchSensitive,False,False
Single
1
(0.460000067949295,0.864000022411346),(0,0),0.05,(0,0),(255,128,0),(0,0.99,0.01,0.01),TouchSensitive,False,False
Single
1
(0.60000067949295,0.864000022411346),(0,0),0.05,(0,0),(255,128,0),(0,0.99,0.01,0.01),TouchSensitive,False,False
Single
1
(0.740000665187836,0.864000022411346),(0,0),0.05,(0,0),(255,128,0),(0,0.99,0.01,0.01),TouchSensitive,False,False
Single
1
(0.550000011920929,0.800000011920929),(0,0),0.05,(0,0),(128,0,0),(0,0.99,0.01,0.01),Fragile,False,False
Single
1
(0.590000033378601,0.740000009536743),(0,0),0.05,(0,0),(128,0,0),(0,0.99,0.01,0.01),Fragile,False,False
Single
1
(0.630000054836273,0.680000007152557),(0,0),0.05,(0,0),(128,0,0),(0,0.99,0.01,0.01),Fragile,False,False
Single
1
(0.650000035762787,0.615000009536743),(0,0),0.05,(0,0),(128,0,0),(0,0.99,0.01,0.01),Fragile,False,False
Single
1
(0.600000381469727,0.558000028133392),(0,0),0.05,(0,0),(128,0,0),(0,0.99,0.01,0.01),Fragile,False,False
Single
1
(0.500000357627869,0.530000269412994),(0,0),0.05,(0,0),(128,0,0),(0,0.99,0.01,0.01),Fragile,False,False
Single
1
(0.800000369548798,0.800000011920929),(0,0),0.05,(0,0),(128,0,0),(0,0.99,0.01,0.01),Fragile,False,False
Single
1
(0.820000350475311,0.735000014305115),(0,0),0.05,(0,0),(128,0,0),(0,0.99,0.01,0.01),Fragile,False,False
Single
1
(0.820000350475311,0.668500006198883),(0,0),0.05,(0,0),(128,0,0),(0,0.99,0.01,0.01),Fragile,False,False
Single
1
(0.880000352859497,0.610000610351563),(0,0),0.05,(0,0),(128,0,0),(0,0.99,0.01,0.01),Fragile,False,False
Single
1
(0.850000381469727,0.545000076293945),(0,0),0.05,(0,0),(128,0,0),(0,0.99,0.01,0.01),Fragile,False,False
Single
1
(0.850000381469727,0.479000061750412),(0,0),0.05,(0,0),(128,0,0),(0,0.99,0.01,0.01),Fragile,False,False
Single
1
(0.910000383853912,0.420000612735748),(0,0),0.05,(0,0),(128,0,0),(0,0.99,0.01,0.01),Fragile,False,False
Single
1
(0.87000036239624,0.360000610351563),(0,0),0.05,(0,0),(128,0,0),(0,0.99,0.01,0.01),Fragile,False,False
Single
1
(0.890000343322754,0.296000599861145),(0,0),0.05,(0,0),(128,0,0),(0,0.99,0.01,0.01),Fragile,False,False
Single
1
(0.820000350475311,0.240005999803543),(0,0),0.05,(0,0),(128,0,0),(0,0.99,0.01,0.01),Fragile,False,False
Single
1
(0.740000367164612,0.190006002783775),(0,0),0.05,(0,0),(128,0,0),(0,0.99,0.01,0.01),Fragile,False,False
Single
1
(0.200003668665886,0.360006004571915),(0,0),0.05,(0,0),(128,0,0),(0,0.99,0.01,0.01),Fragile,False,False
Single
1
(0.320003658533096,0.340005993843079),(0,0),0.05,(0,0),(128,0,0),(0,0.99,0.01,0.01),Fragile,False,False
Single
1
(0.100036583840847,0.410005986690521),(0,0),0.05,(0,0),(128,0,0),(0,0.99,0.01,0.01),Fragile,False,False
Single
1
(0.100036583840847,0.580006003379822),(0,0),0.05,(0,0),(128,0,0),(0,0.99,0.01,0.01),Fragile,False,False
Single
1
(0.0700365826487541,0.300060033798218),(0,0),0.05,(0,0),(128,0,0),(0,0.99,0.01,0.01),Fragile,False,False
Single
1
(0.350036591291428,0.800060033798218),(0,0),0.05,(0,0),(128,0,0),(0,0.99,0.01,0.01),Fragile,False,False
Single
1
(0.740000367164612,0.500006198883057),(0,0),0.05,(0,0),(128,0,0),(0,0.99,0.01,0.01),Fragile,False,False
Single
1
(0.699999988079071,0.0662200003862381),(0.01,0),0.022,(0,0),(255,0,0),(0,0.054,0.05,0.03),Normal,False,True
Single
1
(0.759999990463257,0.0662200003862381),(0.01,0),0.022,(0,0),(255,48,48),(0,0.054,0.05,0.03),Normal,False,True
Single
1
(0.819999992847443,0.0662200003862381),(0.01,0),0.022,(0,0),(255,96,96),(0,0.054,0.05,0.03),Normal,False,True
Single
1
(0.879999995231628,0.0662200003862381),(0.01,0),0.022,(0,0),(255,144,144),(0,0.054,0.05,0.03),Normal,False,True
Single
1
(0.699999988079071,0.133770003914833),(-0.005,0),0.022,(0,0),(0,0,255),(0,0.115,0.05,0.03),Normal,False,True
Single
1
(0.500000357627869,0.350000262260437),(0,0),0.05,(0,0),(32,32,32),(0,0.99,0.01,0.01),Bomb,False,False
Single
1
(0.500000357627869,0.650000274181366),(0,0),0.05,(0,0),(32,32,32),(0,0.99,0.01,0.01),Bomb,False,False
Single
1
(0.0700000375509262,0.50000274181366),(0,0),0.05,(0,0),(32,32,32),(0,0.99,0.01,0.01),Bomb,False,False
Single
1
(0.759999990463257,0.133770003914833),(-0.005,0),0.022,(0,0),(48,48,255),(0,0.115,0.05,0.03),Normal,False,True
Single
1
(0.819999992847443,0.133770003914833),(-0.005,0),0.022,(0,0),(96,96,255),(0,0.115,0.05,0.03),Normal,False,True
Single
1
(0.879999995231628,0.133770003914833),(-0.005,0),0.022,(0,0),(144,144,255),(0,0.115,0.05,0.03),Normal,False,True
